
Input:
8, 5
3, 8, 8, 1, 4, 6, 5, 6
0, 10, 10, 0, 7, 0, 7, 1
7, 4, 0, 3, 3, 3, 4, 5
1, 4, 0, 9, 10, 6, 6, 1
9, 6, 9, 6, 8, 6, 0, 0
 

Expectation:
67

Output:
['/opt/OLCC/Competition/Hangzhou_Coding_Contest_2018/problem2-20181112000000-20181125235959/result/clxia/Solution.py', '/opt/OLCC/Competition/Hangzhou_Coding_Contest_2018/problem2-20181112000000-20181125235959/result/.././cases/1_1.csv']
*******
case9 >>>
100
-28 56 80
-40 34 39 75 80 82 85
33 2 11 23 24 47 51 59 84 87
-46 32 62 67 87 90
-88 67 93
-15 9
-64 1 2 23 25 34 40 70 71
-89 7 10 12 38
-23 16 30 86 89 98
-94 26 51
-24 9 12 31 36 41 44 45 52
84 8 21 48 55 72 82
-49 14 35 36 43 87
30 5 7 97
-55 2 16 46 48
-50 12 88 89 93 96
42
-64 10 17 34 51
-26 17 36 60 97
-37 1 2 22 29 56 83 87
-73 14 53 91
-71 9 41 57 76 77 82 86 88
6 1 16 20 39 44 100
7 25 29 38 52 56 71 76
-78
58 4 49 55
-85 4 37 58 79 80
-12 10 16 24 49 58 77 84
55 12 13 25 39 50 52 70 80
18
13
-39 13 31 78
51 18 19 39 41 53 73
94 6 26 43 55
-13 22 25 50
-23 22 23 46 49 60
86 9 18 36 42 43 49 55 88 94
35 61 70 86 96
70 10 12 17 51 56
-49 91 94
-47 25 44 46 66 72 80 92
-48 9 22 29 51 61 95
-96 78 80 97
-5 9 10 12 16 31 47 83 85 99
46 26 47 60 75
37
-49 26 52 56 68 80
23 44 74 97
-4 15 47
-93 68
-96 2 12 18 22 56 75 92
98 9 13 40 42 48 53 93 95
77 77
68 16 57
-77 11 17 28 54 60 91 97
27 30 45 63 68 87
-87 10 13 23 44 81 83 84
-24 28 35 55 65 69 77
-81 70
75 22 33 34 39 48 75 88 92
-91 14 16 26 69 78 91 100
-68 21 24 55 64 81 84 89 96
12
-83 14 70 72
97 12 20 28 46 59 64 67 81
-6 16 27 81 87
-32 37 64
-79 9 19 66 69 86 91 99
84 6 51 72 79 83 84
68 50 53 57 61 79 85
-91 4 8 21 34 93 99
-8
-81 1 66 83 90
-52
21
22 1 40 52 55 68 82 86
33 10 12 16 28 74 83 84 86
14 13 54 60 70 99
-99 34 44 74 81
-28 9 13 39 82 83 90 96 97
-48 8 11 50 86
-82 27 29 54 59 99
-28 3 13 18 33 37 57 62 66
32 4 15 33 36 37 48 96 97
-63 29 30 36
-55 21 27 33 62
76 4 44 48 83 88
-68 7 10 29 31 48 80 89 94
-51 2 27
46 27 29 71
20 31
-17 15 38 66
-37 82
-41 31 44 50 60 95
85 2 16 30 31 59 60 61 69
48 7 76
-39 12 18 30 32 38 48 61 70 95
-16 1 7 11 29 35 40 45 56 63
-10 12 23 52 81 94
25 22 43 71
*******
*******
result9 >>>
163
17
30
31
46
63
75
91
*******
*******
case3 >>>
0
*******
*******
case1 >>>
4
-4
1
2
3
*******
*******
result3 >>>
0
*******
*******
case4 >>>
6
1
-4
-2 1 2
-1 2
1 3 4
5 3
*******
*******
result7 >>>
125
4
20
22
82
95
*******
*******
case8 >>>
100
-12 6 16 36 38 46
-87 17 28 49 84
81 40
-64 7 25 31 42 50 58 84 87
-5 10
36 12 35 42 46 50 52 81 83
50 34 51 57 58 72 88
-62 27 71 86
-97 30 55 75
57 7 12 24 40 52 55 59 60 71
79 13 48 91
62 24 38 51 59 68
31 40 54 64 77 83 100
65 29 30 37 38 58 60 91 97 99
99 22 30 31 41 62 94 99 100
39 10 28 37 38 56 71
51 16 36 70 74 77 79
62 22 28 39 41 59 69
-2 37 57 67 91
-60
100 36 46 62 77 97
28 52 53 61 68 87 92
-71 17
-70 12 34 86 90
27
17 43 53
-22 35 37 47 49 58 72 81 89
54 48
52 16 54 75 80 94
7 17 19 27 32 34 45 46 59
3 12 49 60
-4
-37 17 21 34 35 39 59 82
-72 49 51 61 76 80 94
-58 11 38 48 67 70 90
44 22 30 32 99
-58 8
-31 20 44 74 92
30 14 30 41 43 98
-17 12 24 25 49 78 89 99
-56 12 55 84 90
-14 17 21 32 40 61 62 97
-51 16 24 34 41 49 95
14 4 15 16 21 29 34 93 95
-57 12 38 46 51 57 75 83 91 95
-98 18 27 56 61 92
98 2 16 21
-73
-100 96
-68 13 38 44 55 72 80 89 97 98
51 97
-43 6 35 85 93
90
98 1 37 55 68 89 97 99
39 3 4 11 36 41 48 59
-51 62
-28 1 4 11 22 39 46 63 64 99
-10 2 17 25 76 88 89 92 98
-6 3 9 14 19 29 50
57
55 3 4 38 63 78
40 60 74
-14 1 4 39 46 47 58 69 91 93
-71 36 69 70 76
14 27 56 62
75 7 13 17 28 32 91
-90 1 32 43 65 97
-52 23 31 37 46 47 49 57 64 94
82 42 44 67 71 84 87 90
23 41 44 59 73 93 95
-94 33 80
43 2 15 24 26 28 43 63 88 100
83 30 31
-97 4 15 21 29 58 65 100
-47 2 10 25 43 46 56 61 70 92
70 35 42 75 77 96
83 37 65
22
-56 15 39 55 62 77 82 98
25 1 15 17 20 37 43 44 50 51 59
10 4 12 51 73 77 88 91 93 100
72
58 5 46 54 61 63
40 2 18 36 47 73 82 88
-70 97
32 3 15 77 95
43
82 29 54 92
24 32 38 61 69 71 73 96
-95 19 55 64 71
-5 20 46 80 89
47 6 16 38 42 49 52 66 70
71 59 61 76
5 7 44 58 63 74 87
29 3 13
-97 25
-90 2 44 46
92 24 34 97
-94 6 11 68 93 95
90 4 5 10 15 27 33 76 88 92
*******
*******
result5 >>>
1
1
2
*******
*******
result6 >>>
1
1
2
3
4
*******
*******
case5 >>>
2
2 2
-1 1
*******
*******
case2 >>>
1
-4
*******
*******
result8 >>>
375
1
2
3
4
5
6
7
8
9
10
11
12
13
14
15
16
17
18
19
20
21
22
23
24
25
26
27
28
29
30
31
32
33
34
35
36
37
38
39
40
41
42
43
44
45
46
47
48
49
50
51
52
53
54
55
56
57
58
59
60
61
62
63
64
65
66
67
68
69
70
71
72
73
74
75
76
77
78
79
80
81
82
83
84
85
86
87
88
89
90
91
92
93
94
95
96
97
98
99
100
*******
*******
result4 >>>
1
1
*******
*******
result1 >>>
6
2
3
4
*******
*******
case6 >>>
4
2 2 3 4
-2 1 3 4
2 1 2 4
-1 1 2 3
*******
*******
case7 >>>
100
-27 6 29 43 55 81 86 99
44 16 25 53 54 60 62 81 94
-53
11
-6 13
-24 11 15 27 30 35 80 81 98
79 23 26 27 38 41 44 46 93 96
-37 3 37 80
49 88
41 1 28 47 53 90
79 13 23 34 53 84 93
-36
-38 14 25 30 38 41 48 61
-85 3 18 80
-23 34 96 99
-71 1 8 9 10 33 43 55 84
-55 28 45 94
-87 51 84
-66 52 53 58 74 83
19
-73 5 11 33 44 46 51 61 85 98
31 82
-8 29 61 67 79 92
54 4 8
-21 5 16 36 54 70 86 98
-51 29 33 54
-17 43 56 69
83 8 17 82
-44 19 39 41 51 65 84 86
-78 67 76
-47 2 6 58 66 67 79 87 90
2 20 25 53 59 95
-25 39 46 51 74 91
-84 7 8 37 51 53 67 71 73 91
-99 6 43 94
91 2 35 41 44 87 90
-90 6 27 50 72 91 95
-73 52 77
-63 7 9 34 45 51 60 66 67 96
34 4 6 11 17 38 85 95 98 100
85 18 35 37 40 66 71 92
43 2 10 66 68
-60 8 10 12 48 65 89 94
29 7 10 18 38 59 75 88 93 100
-98 53 57 67
-57 4 19 20 23 55 65 71 86
-4 5 21 22 46 48 56 86
-2 21 60
-31 34
88 14 16 41 44 48 57 60 74 78
-48 2 14 41 75
25 2 16 55
7 4 50
-3 25 35 37 45 70 74 80 81 93
-8 8 36 56 71 80 92 95 96
90 24 55 61 70 77 78 81 87
-89 1 23 32 42 50 86 98
64 34 45 60
-2 56 62 69 76 97
33 10 100
76 7 39 66 70 71
-29 21 22 55 67 98
45 11 29 44
-19 59
42 37 43 47 86
4 5 22 46 58 62 73
-63 7 32 51 58 74 99
-52
80 5 39 75 77 82 93 95 99
-84 51
-19 13 53 54 72 91
-6 11 27
48 4 17 46 61 75 97 99
89 20 29 49 57 58 84
-37 13 30 31 37 59 72 91
35 45 70 72
0 3 13 17 37 66 73 100
-90 1 35 45 69 72 75 88 93
-71 30
63 4 12 22 26 37 52 74
-66 8 29 33 65
25
55 50 55 63 65
57 16 23 29 33 34 42 60 94
-36 3 22 36 40 43 62 64 82 97
-34 6 32 62 81 85 99 100
64 3 5 53 68 79
-85 1 5 15 41 60 61
-7 7 8 30 54 60 62 67 73
-83 5 19
-43
82 5 69 72 85
29 18 28 45 65 70 81 98
-86 11 26 28 30 39 42 51 74 87
39
13 9 16 30 88
-94 45 74
-84 6
99 61 71 80 84
27 28 35 38 80 91
*******
*******
case10 >>>
100
10
47 58
-44 8 22 33 100
87 28 45 85 90
84 10 23 57 86 99
87 21 47 88 94
18 3 20 44 51 76 97 98
-2 12 14 22 39 52 65 78
97 87
-35 14 18 46 63 64 83 84
11 28
-93 2 40 63 67 69 80
18 18 23 52 80 82 83 84
-31 37 45
2 14 53
-16 21 44 73
-72 9 25 30 37 56 86
6 12 32 41 100
24 3 21 27 81 88 98
-35 4 48 97
1 5 7 12 18 34
73
52 88
-19 30 37 39 63 64 86
-8 8 17 21 83 95 99
-31 4 6 12 46 47 53 84
-55 3 51 55 64 85 97
-97 40 67 77 88
-69 57
28 36 53 57 78
-20 17 67 91
10 24 27 59 85 93 99
-47 4 9 43 45 51 60 82 90
26 12 89
81
-13 3 12 45
-75 18 34 45 64 80
-13 42 49 57 63 87 88
46 1 18 50
65 17 23 48 56
91 3 7 21 60 80 86 94 99
35 25 35 37 67 87
-18 14 34 61 67 72 76 82 83 90
21 24 36 42 50 57
-79 9 11 13 29 64 67 69
57 16 18 32 53
-75 27 30 42 59
-44 25 56 62 86
-65 45
43 76 78 87 92
21 6 8 28 30 66
23 18 55 70 74 84 88
33 44 77
-74 25 59
-12 6 7 15 40 53 100
61 32 53 61 62 66 68 74 81
-69 24 32 66
42 2 9 12 47 60 62 81 92
-9 1 21 26 33 58 75 95
93 18 22 34 97
-38 22
-4 69 92 93 96
79 100
-41 73
90 19 57 96
19 32 46 47 49 52 65
-22 4 5 52 58 100
65 20 24 65 84
18 28 32 75 79 91 94 95
-85 18 52 68 73 80 93 95
-9 6 44 51 87 88 100
80
67 16 17 37 60 75
76 3 15 58 91
-20 32 46 83 92
9 15 20 30 31 61 66 78 86
67 23 28 52 73 88 98
11 8 23 29 31 77 94 95
-66 4 35 58
79 16 26 34 36 43 76 84 91
84 82
-28
-72 4 21 37 73
-11 10 16 29 75 96
-52 9 34 58 59 93
69 20 26 43 45 85
-1
2 70 87 91 94 95
6 1 20 42 45 55 65 84
45 7 10 19 27 31 35 43 53 76 88
32 20 35
23 13 61
-29
-84 2 13 34 48 53 55 69 86
45 25 34 36 55 56 68 78 86 97
6 32 39 40 46 52 73 94
-6 3 17 26 49 50 74 84 90
-54 14 21 48
75 14 35 42 49 95
5 1 37 45 88 95
*******
*******
case >>>
6
-4
1
2 1
-1 1 2
-3 3
5 3 4
*******
*******
result >>>
3
1
2
3
4
6
*******
*******
result2 >>>
0
*******
*******
result10 >>>
699
1
2
3
4
5
6
7
8
9
10
11
12
13
14
15
16
17
18
19
20
21
22
23
24
25
26
27
28
29
30
31
32
33
34
35
36
37
39
40
41
42
43
44
45
46
47
48
49
50
51
52
53
55
56
57
58
59
60
61
62
63
64
65
66
67
68
69
70
72
73
74
75
76
77
78
79
80
81
82
83
84
85
86
87
88
89
90
91
92
93
94
95
96
97
98
99
100
*******

The result is NOK



